18 18 18
18 18 18
0D4A
1818180D
4143430d
4F545445520D 
3241430D
5441494C0D 


Invalid Access Level
030D0A3D


01:37:02 7021 >> 8118: 18 18 180D 0A3D01:37:08 5054 >> 8118: 18 18 180D 0A3D01:38:56 2547 >> 8118: 0D 4A0D 0A3D4A01:39:56 3928 >> 8118: 18 18 18 0D0D 0A3D01:40:28 3885 >> 8118: 18 18 18 0D0D 0A3D01:40:42 5689 >> 8118: 4F 54 54 45 52 0D4F 54
54
45 52020D 0A 496E 76 616C 69 64 20 43 6F6D 6D 61 6E 64030D 0A3D01:41:04 2842 >> 8118: 32 41 43 0D32 4143020D 0A 49 6E 76 61 6C 69 64 20 4163 63 65 73 73 20 4C 65 76 65 6C030D 0A3D01:41:45 5150 >> 8118: 54 41 49 4C 0D 54 41 49 4C 0D
54
41
49 4C020D 0A49 6E76 61 6C 69 64 20 436F 6D 6D 61 6E 64030D 0A3D54 41 494C 020D 0A49 6E76 61 6C 69 64 20 436F 6D 6D 61 6E 64030D 0A3D01:42:13 8759 >> 8118: 545401:47:18 2480 >> 8118: 00 08 00 00 14 00 00 3C A801:47:46 9989 >> 8118: 4D 45 54 31 0D4D 455431020D 0A 496E 7661 6C 69 64 20 436F 6D 6D 61 6E 64030D0A3D01:48:20 1021 >> 8118: 53 45 52 20 31 0D53 45 5220 31020D 0A 49 6E 76 61 6C 69 64 20 41 63 6365 73 73 20 4C 65 76 65 6C 03 0D 0A 3D




01:37:02 7021 >> 8118: 18 18 180D 0A3D01:37:08 5054 >> 8118: 18 18 180D 0A3D01:38:56 2547 >> 8118: 0D 4A0D 0A3D4A01:39:56 3928 >> 8118: 18 18 18 0D0D 0A3D01:40:28 3885 >> 8118: 18 18 18 0D0D 0A3D01:40:42 5689 >> 8118: 4F 54 54 45 52 0D4F 54
54
45 52020D 0A 496E 76 616C 69 64 20 43 6F6D 6D 61 6E 64030D 0A3D01:41:04 2842 >> 8118: 32 41 43 0D32 4143020D 0A 49 6E 76 61 6C 69 64 20 4163 63 65 73 73 20 4C 65 76 65 6C030D 0A3D01:41:45 5150 >> 8118: 54 41 49 4C 0D 54 41 49 4C 0D
54
41
49 4C020D 0A49 6E76 61 6C 69 64 20 436F 6D 6D 61 6E 64030D 0A3D54 41 494C 020D 0A49 6E76 61 6C 69 64 20 436F 6D 6D 61 6E 64030D 0A3D01:42:13 8759 >> 8118: 545401:47:18 2480 >> 8118: 00 08 00 00 14 00 00 3C A801:47:46 9989 >> 8118: 4D 45 54 31 0D4D 455431020D 0A 496E 7661 6C 69 64 20 436F 6D 6D 61 6E 64030D0A3D01:48:20 1021 >> 8118: 53 45 52 20 31 0D53 45 5220 31020D 0A 49 6E 76 61 6C 69 64 20 41 63 6365 73 73 20 4C 65 76 65 6C 03 0D 0A 3D01:51:08 8476 >> 8118: 18 18 180D0A3D01:51:46 7089 >> 8118: 18 18 180D 0A3D01:52:46 1606 >> 8118: 0D 4A0D0A3D4A01:53:26 4243 >> 8118: 18 18 18 0D0D 0A3D01:53:41 5095 >> 8118: 41 43 43 0D4143 43 020D 0A 50 61 7373 77 6F 72 643A 20 3F 2001:55:32 2697 >> 8118: 4F 54 54 45 52 0D2A 2A2A 2A2A 0D 0A 0D 0A52 45 43 4C4F 53 45 52 20 31 37 30 2042 54 5F 47 54 20 20 2020 20 20 20 20 20 20 20 2020 20 20 20 44 61 74 65 3A20 30 36 2F 32 37 2F 31 34 20 2020 20 54 69 6D 65 3A 20 30 313A 35 33 3A 3138 2E 32 39 310D 0A 34 37 3420 2D 20 42 4120 54 52 49 20 20 53 55 4253 54 41 54 49 4F 4E 0D 0A0D 0A0A 4C65 76 656C 20 31030D 0A3D 3E01:56:24 0930 

>> 8118: 32 41 43 0D

324143020D 0A50 6173 73 77 6F 7264 3A 20 3F 2001:56:31 8306 

>> 8118: 54 41 49 4C 0D

2A2A2A 2A 0D 0A 0D 0A 52 45 434C 4F 53 45 52 20 31 37 3020 42 54 5F 47 54 20 20 20 20 2020 20 20 20 20 20 20 20 20 2020 44 61 74 65 3A 20 30 36 2F32 37 2F 31 34 20 20 20 2054 69 6D 65 3A 20 30 31 3A35 34 3A 31 37 2E 38 35 330D 0A34 3734 20 2D 20 42 41 20 54 52 49 20 2053 55 42 53 54 41 54 49 4F 4E 0D0A0D 0A 0A 4C 6576 65 6C 20 32030D 0A 3D3E 3E

01:57:31 3291 >> 8118: 4D 45 54 31 0D

4D 4554 31 020D 0A0D 0A52 45 43 4C 4F 53 45 52 20 3137 30 20 42 54 5F 47 54 2020 20 20 20 20 20 20 20 2020 20 20 20 20 20 44 6174 65 3A 20 30 36 2F 32 37 2F 3134 20 20 20 20 54 69 6D 65 3A20 30 31 3A 35 35 3A31 37 2E 33 37 310D 0A 34 3734 20 2D 20 42 41 20 54 52 49 20 20 53 55 42 53 54 41 54 49 4F 4E 0D 0A20 20 20 2020 20 20 20 20 20 20 20 20 2020 20 20 41 20 20 20 20 20 2020 20 20 42 20 20 20 20 20 20 2020 20 43 20 20 20 20 20 20 2020 20 4E 20 20 20 2020 20 20 20 20 470D 0A49 204D 41 47 20 28 41 29 20 2020 20 20 20 20 37 39 2E37 30 32 20 20 20 20 38 32 2E33 34 35 20 20 20 20 38 362E 31 30 39 20 20 20 20 2035 2E 37 34 39 20 20 2020 20 37 2E36 30 390D 0A4920 41 4E 47 20 28 44 45 47 29 2020 20 20 20 31 30 2E 35 30 20 2020 2D 31 31 30 2E 35 35 20 20 2020 31 32 35 2E 34 32 20 20 2020 20 39 33 2E 36 36 20 2020 20 20 39 33 2E 33 300D 0A 0A20 20 2020 20 20 20 20 20 20 20 20 2020 20 20 20 41 20 20 20 20 2020 20 20 20 42 20 20 20 20 20 20 20 2020 43 20 20 20 20 20 20 20 20 20 530D 0A 5620 4D 4147 20 28 4B 56 29 20 20 2020 20 20 31 33 2E 33 35 3120 20 20 20 31 33 2E 33 35 3120 20 20 20 31 33 2E 33 3531 20 20 20 20 2030 2E 30 30 300D 0A 56 2041 4E 4720 28 44 45 47 29 20 20 2020 20 20 30 2E 30 30 20 20 20 2D 31 32 30 2E 30 30 20 20 20 20 31 32 30 2E 30 30 20 20 20 2D 31 31 35 2E 38 33 0D0A 0A 20 20 20 20 20 20 20 20 20 20 20 20 20 20 20 20 20 41 20 20 20 20 20 20 20 20 20 42 20 20 20 20 20 20 20 20 20 43 20 20 20 20 20 20 20 20 20 33 50 0D 0A 4D 57 20 20 20 20 20 20 20 20 20 20 20 20 20 20 20 31 2E 30 34 36 20 20 20 20 20 31 2E 30 38 34 20 20 20 20 20 31 2E 31 34 35 20 20 20 20 20 33 2E 32 37 35 0D 0A 4D 56 41 52 20 20 20 20 20 20 20 20 20 20 20 20 2D 30 2E 31 39 34 20 20 20 20 2D 30 2E 31 38 31 20 20 20 20 2D 30 2E 31 30 39 20 20 20 20 2D 30 2E 34 38 33 0D 0A 50 46 20 20 20 20 20 20 20 20 20 20 20 20 20 20 20 30 2E 39 38 33 20 20 20 20 20 30 2E 39 38 36 20 20 20 20 20 30 2E 39 39 36 20 2020 20 20 30 2E 39 38 39 0D 0A 20 20 20 20 20 20 20 20 20 20 20 20 20 20 20 20 20 4C 45 41 44 20 20 20 20 20 20 4C 45 41 44 20 20 20 20 20 20 4C 45 41 44 20 20 20 20 20 20 4C 45 41 44 20 20 20 20 20 0D 0A 0A 20 20 20 20 20 20 20 20 20 20 20 20 20 20 20 20 20 49 31 20 20 20 20 20 20 20 33 49 32 20 20 20 20 20 20 20 33 49 30 20 20 20 20 20 20 20 20 56 31 20 20 20 20 20 20 20 20 56 32 20 20 20 20 20 20 20 33 56 30 0D 0A 4D 41 47 20 20 20 20 20 20 20 20 20 20 20 20 20 38 32 2E 36 35 37 20 20 20 20 20 39 2E 37 38 32 20 20 20 20 20 37 2E 36 30 39 20 20 20 20 31 33 2E 33 35 31 20 20 20 20 20 30 2E 30 30 30 20 20 20 20 20 30 2E 30 30 300D 0A414E 47 20 20 20 28 44 45 47 29 20 20 20 20 20 20 38 2E 33 39 20 20 20 2D 31 37 38 2E 38 36 20 20 20 20 20 39 332E 33 30 20 20 20 20 20 2D 30 2E 30 30 20 20 20 20 31 32 30 2E 30 30 20 20 20 20 20 20 30 2E 30 300D 0A 0A46 52 45 51 20 28 48 7A 29 20 20 20 20 20 20 34 39 2E 39 330D0A030D 0A 3D3E 3E01:58:15 0716 >> 8118: 53 45 52 20 31 0D53 45 5220 31 020D 0A0D 0A 52 45 43 4C 4F 53 45 52 20 31 37 30 20 42 54 5F 47 54 20 2020 20 20 20 20 20 20 20 20 20 20 20 20 20 44 61 7465 3A 20 30 36 2F 32 37 2F 31 34 20 20 20 20 54 69 6D 65 3A 20 30 31 3A 35 36 3A 30 31 2E 32 32 390D 0A 34 3734 20 2D 20 42 41 20 54 52 49 20 20 53 55 42 53 54 41 54 49 4F 4E 0D 0A0D 0A46 49 44 3D 53 45 4C 2D 33 35 31 52 2D 33 2D 52 34 30 33 2D 56 30 2D 5A 30 30 32 30 30 32 2D 44 32 30 31 30 30 35 32 36 20 20 20 20 20 20 20 43 49 44 3D 32 42 32 33 0D 0A0D 0A23 20 20 20 20 20 44 41 54 45 20 20 20 20 20 20 54 49 4D 45 20 20 20 20 20 20 20 20 20 20 20 45 4C 45 4D 45 4E 54 20 20 20 20 20 20 20 20 20 20 20 20 53 54 41 54 45 0D 0A 0D 0A31 20 2020 20 20 30 36 2F 32 36 2F 31 34 20 20 31 37 3A 32 31 3A 31 39 2E 34 39 37 20 20 20 53 48 30 20 20 20 20 20 20 20 20 20 20 20 20 20 20 20 20 41 73 73 65 72 74 65 64 0D 0A030D 0A 3D3E 3E01:58:57 1448 >> 8118: 44 41 54 0D44 4154 020D 0A 3036 2F 32 37 2F 31 34030D 0A 3D3E 3E01:59:33 0717 >> 8118: 54 49 4D 0D54 494D 020D 0A 3031 3A 35 37 3A 31 39030D 0A 3D3E 3E